151443
139685
154270
136093
131739
20123
179416
25165
21629
31382
984188
24644
132204
145840
25096
984843
23616
146925
27255
20173
35519
180377
161866
13324
150828
30136
140984
165072
21670
24444
21959
26031
35920
136694
25745
24705
35997
157648
32005
25171
24947
31295
159347
21533
983550
132288
30033
39080
24773
22266
37636
32675
20659
21490
28010
22025
38742
26397
26126
156314
26041
28354
147261
131369
20140
20973
37892
33540
21729
22806
25143
29579
23478
36039
131677
25329
24120
22555
20013
984873
137589
27425
137639
35264
32143
146644
20754
38957
23104
23242
23077
32736
32761
22985
14058
38642
26757
39592
26684
38634
31934
31070
166164
164974
20998
38498
16417
33674
37325
24682
25757
22263
157508
147027
24814
985018
160587
158481
22218
33457
21805
29577
21584
31471
168242
36664
28163
170944
35731
29279
17383
24375
33394
24039
172669
40635
25610
30382
21519
27427
28572
31179
27700
150870
26149
23665
163456
26611
141598
21133
36814
22478
20163
135061
21644
32880
26412
29987
22369
34269
35433
175959
984460
21619
27468
21535
23470
21830
28431
20116
38899
153733
21689
17102
32993
29748
24373
26354
142115
25860
141786
33108
34180
985021
20154
27969
31378
22696
35033
22519
40786
32048
26092
21450
31571
28153
24565
24115
142784
24148
168079
22715
26481
34697
160393
133886
161265
40664
22467
143900
29141
36859
26797
38902
20809
131305
165183
156857
159349
139115
32680
36430
26775
26792
151416
40670
131389
33411
28165
31680
144259
131111
31036
25475
22675
26371
36367
38738
163142
36050
22900
134987
40474
25877
142306
27493
34892
165128
32722
22937
23376
20339
39341
36554
22914
35158
25543
34974
26114
22648
22508
25409
165298
155616
180056
28899
37666
32079
140430
26012
168179
25105
35199
20182
30695
142117
178536
163848
23493
36474
158751
23567
28330
26223
14201
25445
165050
25586
26754
138120
138460
135999
21271
33548
22493
22374
36793
22616
27833
22981
29282
20302
39321
148235
27704
33125
19990
36023
24341
28129
20185
23064
24847
134679
198228
20818
28029
21517
26178
134079
21955
984578
985314
21031
38996
33945
33804
28548
33073
25216
22825
23458
26044
36960
157073
13762
23563
33337
14899
23612
20311
31786
150392
28150
21253
143838
141923
31354
132527
31072
163946
160008
30673
152218
21741
22022
22372
25352
20107
28961
32227
983751
25327
20043
138087
30340
22130
137360
29983
25668
26771
29664
136167
20820
40310
20027
134535
134528
20828
986930
20663
24515
28525
27801
21488
24377
984847
134354
32066
142394
20621
21270
24037
143895
983929
30167
37197
150504
29227
137109
25554
145968
179467
39764
179187
33415
40179
20045
40510
24796
32160
36010
20960
20817
25079
148706
64036
180091
137714
150658
983774
21029
26417
21833
134989
186219
134959
34311
163854
136430
143228
170003
136388
26326
177604
20241
134809
158756
38587
14955
131269
25293
144899
35424
31965
21246
38907
36855
141352
154296
164151
31206
22432
28186
22626
141120
24833
147142
152582
167037
39192
30492
21476
21021
33258
35506
19984
26781
38500
39186
24819
26086
157936
22956
178729
36939
132328
24235
38512
27683
153088
27877
166197
32676
132012
20307
39748
33521
26131
20057
38997
28789
24754
18233
20031
38499
25458
26071
145805
134139
25305
31103
142045
32661
131299
136649
25552
168706
26366
21360
20278
168472
151998
20035
39514
23508
35488
26377
133382
24189
39023
29694
35613
176356
28155
24472
24458
15218
25490
29992
27138
25991
24324
142206
21481
27703
25658
133563
35146
131743
39378
143793
26579
136297
148298
23427
22381
25944
38795
29898
29796
25173
22066
21932
134294
25150
32013
21407
27224
37329
134684
32403
135874
23500
21402
31456
24615
20016
23039
35980
25469
38597
35946
21006
31383
35242
37168
37509
38592
37782
38548
26691
28651
21778
985104
22829
31069
26522
36994
36869
30456
36898
163459
158911
22949
33853
34349
33738
22855
22534
22283
24283
24178
37266
985073
20415
133049
13361
134998
141186
152216
25412
27802
147759
147804
32114
163816
164084
38307
138624
37478
25910
148950
152176
25307
24213
31725
136285
28023
26848
20063
28261
38684
25769
985137
38464
152308
135223
20652
131136
32321
35036
179676
17126
32118
23507
24449
26376
29118
139590
142200
142167
31686
29138
23308
26032
36523
34030
26391
34153
36916
141088
22091
134376
134848
28304
179079
134996
22768
983378
20849
143734
29677
179892
23506
38433
165229
19979
39015
36060
25467
134352
21576
35443
25976
26039
33144
27472
26524
22240
25713
31558
150768
38936
38988
25444
134417
134694
20729
32353
21475
37670
21883
984898
38598
35299
19968
13940
38459
25202
25715
24133
21344
20056
985071
21769
37327
24942
26356
36833
141952
15714
17775
147256
31520
15589
147245
27937
134185
134087
40265
33841
31209
25818
38515
28609
143705
147384
28228
181213
30094
39178
22899
29482
135856
143836
136162
151793
25033
36899
26029
25968
31637
22818
20806
25512
143893
134202
24187
32832
20472
27169
21331
21240
28287
39640
21452
147539
33032
28248
134216
33722
33099
165253
987625
178370
36562
25601
141596
138039
153645
985310
26360
984059
24626
140985
143474
25300
25213
135370
37633
35641
155803
26009
37388
152707
32791
24605
22007
21933
21775
36889
31481
146447
27867
25282
166047
140725
33590
30475
21920
24196
137403
20670
36935
20493
31227
26408
33617
27797
142190
25697
22073
37165
20405
34253
27211
23529
22196
27091
146707
142609
172036
30439
185543
134669
134563
26436
25489
131192
155248
164153
21555
36234
153193
28216
135060
153445
20874
25776
36322
24202
25900
27966
20934
32597
31946
24623
156739
24658
138044
27934
23553
168095
24525
39208
159067
178345
22113
27803
20999
136025
25417
37365
25281
142194
38312
135438
23453
181993
20504
27785
25955
25703
39770
24453
25064
25170
29305
34394
21512
28006
25054
24459
24681
21531
35435
163153
32681
36629
36001
37324
21561
143897
140862
35336
23569
38281
134430
37351
24062
181730
143601
18467
144090
24594
148575
148060
13703
134564
134974
25580
20744
20598
23572
38381
150928
170603
24182
170156
163322
134362
25401
21504
33274
156571
148509
33151
36074
33778
33873
27450
155607
22312
23172
21522
14613
28858
153143
30435
26399
175742
181011
33292
30410
21711
21656
32786
20181
148300
36000
36942
27770
29433
149393
21151
14789
987250
134867
136651
36963
176082
38994
165089
140829
166192
30070
22810
24537
38015
22987
142738
142146
20449
154732
156759
33909
21363
142125
28422
33184
27155
31911
30058
27506
147471
32995
28381
36786
147140
33021
143896
33882
26085
22530
29111
147914
34985
33465
151352
33593
26426
131678
29645
24335
134214
36012
21740
135103
28946
20919
147248
22612
28139
29976
24330
30693
20551
155642
36890
27156
36226
167377
153142
39854
33836
31119
26244
32856
157720
987819
39000
15306
26550
31570
139440
26494
28982
27192
21697
21277
26336
33609
135058
22132
22968
19989
20462
133830
141934
152172
23481
20329
22346
38376
148993
160451
36360
27861
26612
21553
135078
151349
27945
133555
133829
23450
21213
32080
34935
27575
21220
135417
34255
141145
21765
21524
24613
31419
32023
24109
139649
163888
22290
143704
29172
23631
178494
26696
21205
27088
20912
38914
197535
985316
141353
38263
29234
163937
34847
31627
35475
20992
143033
24409
22495
19969
23527
26681
32010
137784
21516
38686
28479
985317
35542
27819
144790
25612
141085
984404
25152
24210
33865
36196
32499
167659
157135
157115
37758
36068
142002
30473
38391
30003
155658
27494
28450
26970
25136
22580
37444
25190
21496
39340
27714
156390
24616
31293
24247
24291
38517
33775
23997
27512
183206
26157
20221
24651
40372
23532
27611
27875
30585
148292
35160
32006
150926
175455
135419
13716
134781
34157
39479
131406
31875
138474
28611
28418
21421
146670
146162
27463
26422
24067
33606
36947
24478
22827
35998
20657
28654
983204
137046
20406
181886
40778
23828
35241
983503
134420
153380
153171
141090
14700
25432
137785
142185
141446
175965
25276
22856
22521
27491
33370
147541
37504
142024
32105
21528
31461
25163
134413
21460
29238
23492
33900
36988
25925
37141
147386
28436
27372
22317
35703
21930
134901
24822
164301
27599
22238
25787
20908
142841
157388
984154
20957
148213
32705
14900
25499
26862
143034
21330
131741
31649
25566
26248
180612
34000
142300
38797
25389
40273
38593
26139
38382
155584
22285
23673
28118
30095
22771
22296
22781
135022
24046
34905
21744
138345
181029
28810
26551
25179
32769
39006
176346
28145
13831
160454
31353
155909
26228
155772
22294
36575
28701
152677
141967
21934
155836
36845
32216
31281
20986
21322
24653
24794
20900
163565
174077
148342
35422
134746
134399
157089
24976
24676
27544
27153
34384
32925
36335
21580
169516
37239
23475
32905
20840
21464
27402
24503
21164
21171
23389
30431
25104
22974
36118
156869
186083
32645
24904
163403
20341
20841
26283
20184
21554
35215
31117
28798
19981
27515
38626
20856
26359
131942
984809
21544
20195
27796
23186
32291
33256
24180
25826
22235
170870
38538
31177
20277
27004
27107
134423
28122
21909
25588
150989
142667
26020
27492
24179
38568
27231
36920
36834
35624
983081
39250
27513
172210
134782
142607
24086
37319
20110
140929
20844
20062
161201
32004
27628
26997
35491
35351
26023
33492
22702
23624
25289
176089
152307
135539
33830
20599
26446
144499
26943
25615
26460
31384
31639
35352
27602
22320
39003
39149
36948
35359
26143
36880
24230
141507
31561
31243
24951
141147
25562
29157
30922
30862
36064
20877
984194
32773
22602
27849
30436
26707
28853
134851
153734
176403
24392
28960
29200
39746
33970
22812
142419
152979
183193
29233
153289
163346
33825
21570
24266
21890
37070
21683
27732
29174
28271
33574
138144
158758
37193
30865
32244
24920
21051
25101
36686
32067
28402
30290
34453
25759
26368
38698
22959
39376
983111
140871
144157
27931
34123
142287
36813
31452
33426
161640
38450
37277
137562
131122
135107
131814
31168
184913
37624
158910
17714
157791
139189
22868
31881
20363
139522
20399
199083
139687
23157
23071
20442
21359
142919
20736
23130
35355
23403
36020
21774
134195
21761
148144
20961
142702
22645
151533
27060
33468
172276
151851
26118
25110
36330
138404
33293
26421
34364
148632
28527
28681
14604
27955
28784
27745
24680
25424
36861
30703
32047
27171
25285
22021
148058
13788
162119
23696
163858
35686
164579
23692
138849
20141
39198
28132
148050
34382
147139
22978
23381
24418
22699
24758
983074
984449
987860
21602
28629
35201
147761
983969
162035
36864
31584
33883
34276
20873
39740
28683
15671
27850
151413
183306
23736
33894
23519
168054
20936
26865
151292
30887
30283
28100
135371
31806
985318
36771
139314
24716
25226
136102
131388
20687
146401
136387
20808
24107
144125
22857
34573
22993
37276
138490
35164
24732
30424
21954
142320
35412
20358
21905
39135
20803
23477
142716
28779
142001
146932
33285
179527
19977
24429
13465
134547
21033
24677
20161
32225
21478
131834
25399
136916
151277
38829
28037
23421
152773
152641
142119
24380
21106
26388
182707
160108
36929
26989
38480
13765
30452
34542
25873
131738
158546
27741
140758
33995
32618
22577
37972
26159
38750
25866
142103
22809
985286
39472
26379
21109
141487
20843
21679
27905
136305
166190
24052
144904
28369
33802
24070
28448
20869
28299
13808
25199
28140
33033
21375
28505
24687
18938
25805
27331
31840
26395
37336
24863
21678
24756
28639
28138
25253
31572
148460
40251
24489
26132
25100
166801
184981
159986
37957
142310
141949
28196
14882
985234
21786
20581
26027
21333
30097
136278
181321
36896
136166
28205
20925
183780
134359
134302
24534
142782
32177
154634
39405
38596
164048
32043
148783
36895
27462
20982
33288
26597
984855
21705
17382
39318
26381
25031
25326
160790
22728
30333
20445
20379
175728
33433
33993
25302
20718
21972
35500
38570
28295
151603
21676
25291
30519
178933
134675
24643
134170
134543
27755
33391
180835
164258
135151
141079
29942
23660
181854
36980
135805
30589
26447
135543
134771
141317
23416
24986
144256
23435
166023
20316
136155
26826
26894
152900
27573
23560
159775
25191
27292
38364
23431
40643
26127
36785
20854
26463
13371
37675
24030
39745
24917
22846
141032
34067
27134
22558
141288
38401
29922
134839
180305
135595
151291
27489
23646
142114
21340
21710
22799
147941
28024
29273
24231
148451
31687
21776
174881
35970
30414
27874
176484
23273
23094
25323
25386
26690
23022
28500
161674
24859
20208
142249
24215
985195
38967
29509
142579
165961
18679
27147
135782
150906
24093
131629
25351
28092
132082
140241
36996
31169
166313
28426
985325
155279
26791
25797
154969
25172
38647
37009
36776
35347
168336
168240
37437
37904
21840
142622
24220
31080
31435
23041
165023
27760
29376
23433
29031
21152
21009
34642
38662
29281
20025
150929
30106
28107
155966
23491
33510
134303
142834
25269
25819
28001
30740
25209
21748
30427
184392
40169
24237
32694
169548
144064
40723
34137
134551
33725
25744
28246
134691
15719
34271
31967
31968
27777
155674
132543
24821
21826
24522
35037
987859
27827
30347
135170
135216
38525
21632
24277
22739
985326
142084
142874
169719
34957
26963
21815
23462
23448
37096
22992
38918
155582
134212
22403
25420
171210
140796
34566
134168
164278
30524
21069
26495
178903
13688
135373
151383
25263
173621
27351
35531
27927
138163
32771
37742
22112
21802
17406
32113
26486
135738
36259
34036
19547
25842
27743
22622
21209
26216
152226
983905
29618
30923
25259
27281
142754
150826
152275
35584
142783
155671
21754
27217
29356
40441
131939
26829
26692
21508
147388
134078
178957
35670
159515
159348
180310
178315
20113
132010
24801
163782
37772
22833
25151
181775
23608
34909
34003
38577
163595
154578
25970
21667
138485
28845
147996
22904
37027
36986
39608
25223
34942
27566
40779
38470
29260
20301
29033
21247
138446
35363
39131
31526
33268
29572
23798
20061
29289
20239
28136
22727
23387
38627
20646
131679
29508
38291
135154
32346
36932
33364
24307
20304
24492
24488
20102
39711
13680
152116
140044
22319
20898
23472
148455
137740
19971
134427
31278
21892
36557
29483
32305
23380
38915
132009
13729
22098
158168
134559
20365
23138
34915
156114
37400
133278
22909
135347
22721
28359
20661
25625
30053
135377
141266
145425
40219
30165
21867
163850
147995
135423
23721
983742
15606
38495
138566
37218
37228
134534
21578
135390
164089
134118
20024
150927
151022
151219
26704
159066
147387
160757
141099
135208
148055
148305
24749
24365
33501
140914
22085
20506
27001
175035
25115
32990
38754
139309
139304
166905
27193
24282
21124
32147
30344
25106
34952
35039
28655
37610
23383
13864
26954
148373
144957
145001
31109
183180
17125
20876
131949
134838
21839
134658
134244
134529
15715
161479
26234
31001
146716
23447
26575
28644
983488
134772
134548
28110
168331
183428
183427
134309
22153
26352
21811
37295
154223
20630
151218
33604
25258
36045
134846
21743
134219
149435
34675
160507
27872
27712
35386
169666
23396
176730
173344
163950
168362
38695
38973
132289
24245
142253
20303
25345
161726
189907
176476
20315
33065
20804
29486
30956
37457
142819
134513
172645
33660
20552
26075
25361
983599
24935
168211
144409
20285
93
142250
36487
31062
38272
984759
24561
30772
20502
137561
25114
20846
142605
985091
24339
27396
140258
38285
149695
134837
35388
134973
29229
142191
26700
38541
22303
146935
27794
13536
31020
136091
27946
37406
25619
39522
157404
25331
30055
38876
131167
24464
25683
26873
151937
33145
171356
135857
25400
20515
26185
176011
