131111
131122
131136
131167
131192
131269
131299
131305
131369
131388
131389
131406
131629
131677
131678
131679
131738
131739
131741
131743
131814
131834
131939
131942
131949
132009
132010
132012
132082
132204
132288
132289
132328
132527
132543
133049
13324
133278
133382
133555
133563
13361
13371
133829
133830
133886
134078
134079
134087
134118
134139
134168
134170
134185
134195
134202
134212
134214
134216
134219
134244
134294
134302
134303
134309
134352
134354
134359
134362
134376
134399
134413
134417
134420
134423
134427
134430
134513
134528
134529
134534
134535
134543
134547
134548
134551
134559
134563
134564
13465
134658
134669
134675
134679
134684
134691
134694
134746
134771
134772
134781
134782
134809
134837
134838
134839
134846
134848
134851
134867
134901
134959
134973
134974
134987
134989
134996
134998
135022
135058
135060
135061
135078
135103
135107
135151
135154
135170
135208
135216
135223
135347
13536
135370
135371
135373
135377
135390
135417
135419
135423
135438
135539
135543
135595
135738
135782
135805
135856
135857
135874
135999
136025
136091
136093
136102
136155
136162
136166
136167
136278
136285
136297
136305
136387
136388
136430
136649
136651
136694
13680
13688
136916
13703
137046
137109
13716
13729
137360
137403
137561
137562
137589
13762
137639
13765
137714
137740
137784
137785
13788
138039
138044
13808
138087
138120
138144
138163
13831
138345
138404
138446
138460
138474
138485
138490
138566
138624
13864
138849
139115
139189
139304
139309
139314
13940
139440
139522
139590
139649
139685
139687
140044
140241
140258
140430
14058
140725
140758
140796
140829
140862
140871
140914
140929
140984
140985
141032
141079
141085
141088
141090
141099
141120
141145
141147
141186
141266
141288
141317
141352
141353
141446
141487
141507
141596
141598
141786
141923
141934
141949
141952
141967
142001
142002
14201
142024
142045
142084
142103
142114
142115
142117
142119
142125
142146
142167
142185
142190
142191
142194
142200
142206
142249
142250
142253
142287
142300
142306
142310
142320
142394
142419
142579
142605
142607
142609
142622
142667
142702
142716
142738
142754
142782
142783
142784
142819
142834
142841
142874
142919
143033
143034
143228
143474
143601
143704
143705
143734
143793
143836
143838
143893
143895
143896
143897
143900
144064
144090
144125
144157
144256
144259
144409
144499
144790
144899
144904
144957
145001
145425
145805
145840
145968
14604
14613
146162
146401
146447
146644
146670
146707
146716
146925
146932
146935
14700
147027
147139
147140
147142
147245
147248
147256
147261
147384
147386
147387
147388
147471
147539
147541
147759
147761
147804
14789
147914
147941
147995
147996
148050
148055
148058
148060
148144
148213
148235
148292
148298
148300
148305
148342
148373
148451
148455
148460
148509
148575
148632
148706
148783
14882
148950
14899
148993
14900
149393
149435
14955
149695
150392
150504
150658
150768
150826
150828
150870
150906
150926
150927
150928
150929
150989
151022
151218
151219
151277
151291
151292
151349
151352
151383
151413
151416
151443
151533
151603
151793
151851
151937
151998
152116
152172
152176
15218
152216
152218
152226
152275
152307
152308
152582
152641
152677
152707
152773
152900
152979
15306
153088
153142
153143
153171
153193
153289
153380
153445
153645
153733
153734
154223
154270
154296
154578
154634
154732
154969
155248
155279
155582
155584
155607
155616
155642
155658
155671
155674
155772
155803
155836
15589
155909
155966
15606
156114
156314
156390
156571
15671
156739
156759
156857
156869
157073
157089
157115
157135
15714
15715
15719
157388
157404
157508
157648
157720
157791
157936
158168
158481
158546
158751
158756
158758
158910
158911
159066
159067
159347
159348
159349
159515
159775
159986
160008
160108
160393
160451
160454
160507
160587
160757
160790
161201
161265
161479
161640
161674
161726
161866
162035
162119
163142
163153
163322
163346
163403
163456
163459
163565
163595
163782
163816
163848
163850
163854
163858
163888
163937
163946
163950
164048
164084
164089
164151
164153
16417
164258
164278
164301
164579
164974
165023
165050
165072
165089
165128
165183
165229
165253
165298
165961
166023
166047
166164
166190
166192
166197
166313
166801
166905
167037
167377
167659
168054
168079
168095
168179
168211
168240
168242
168331
168336
168362
168472
168706
169516
169548
169666
169719
170003
170156
170603
170870
170944
17102
171210
17125
17126
171356
172036
172210
172276
172645
172669
173344
173621
17382
17383
17406
174077
174881
175035
175455
175728
175742
175959
175965
176011
176082
176089
176346
176356
176403
176476
176484
176730
17714
177604
17775
178315
178345
178370
178494
178536
178729
178903
178933
178957
179079
179187
179416
179467
179527
179676
179892
180056
180091
180305
180310
180377
180612
180835
181011
181029
181213
181321
181730
181775
181854
181886
181993
18233
182707
183180
183193
183206
183306
183427
183428
183780
184392
18467
184913
184981
185543
186083
186219
18679
18938
189907
19547
197535
198228
199083
19968
19969
19971
19977
19979
19981
19984
19989
19990
20013
20016
20024
20025
20027
20031
20035
20043
20045
20056
20057
20061
20062
20063
20102
20107
20110
20113
20116
20123
20140
20141
20154
20161
20163
20173
20181
20182
20184
20185
20195
20208
20221
20239
20241
20277
20278
20285
20301
20302
20303
20304
20307
20311
20315
20316
20329
20339
20341
20358
20363
20365
20379
20399
20405
20406
20415
20442
20445
20449
20462
20472
20493
20502
20504
20506
20515
20551
20552
20581
20598
20599
20621
20630
20646
20652
20657
20659
20661
20663
20670
20687
20718
20729
20736
20744
20754
20803
20804
20806
20808
20809
20817
20818
20820
20828
20840
20841
20843
20844
20846
20849
20854
20856
20869
20873
20874
20876
20877
20898
20900
20908
20912
20919
20925
20934
20936
20957
20960
20961
20973
20982
20986
20992
20998
20999
21006
21009
21021
21029
21031
21033
21051
21069
21106
21109
21124
21133
21151
21152
21164
21171
21205
21209
21213
21220
21240
21246
21247
21253
21270
21271
21277
21322
21330
21331
21333
21340
21344
21359
21360
21363
21375
21402
21407
21421
21450
21452
21460
21464
21475
21476
21478
21481
21488
21490
21496
21504
21508
21512
21516
21517
21519
21522
21524
21528
21531
21533
21535
21544
21553
21554
21555
21561
21570
21576
21578
21580
21584
21602
21619
21629
21632
21644
21656
21667
21670
21676
21678
21679
21683
21689
21697
21705
21710
21711
21729
21740
21741
21743
21744
21748
21754
21761
21765
21769
21774
21775
21776
21778
21786
21802
21805
21811
21815
21826
21830
21833
21839
21840
21867
21883
21890
21892
21905
21909
21920
21930
21932
21933
21934
21954
21955
21959
21972
22007
22021
22022
22025
22066
22073
22085
22091
22098
22112
22113
22130
22132
22153
22196
22218
22235
22238
22240
22263
22266
22283
22285
22290
22294
22296
22303
22312
22317
22319
22320
22346
22369
22372
22374
22381
22403
22432
22467
22478
22493
22495
22508
22519
22521
22530
22534
22555
22558
22577
22580
22602
22612
22616
22622
22626
22645
22648
22675
22696
22699
22702
22715
22721
22727
22728
22739
22768
22771
22781
22799
22806
22809
22810
22812
22818
22825
22827
22829
22833
22846
22855
22856
22857
22868
22899
22900
22904
22909
22914
22937
22949
22956
22959
22968
22974
22978
22981
22985
22987
22992
22993
23022
23039
23041
23064
23071
23077
23094
23104
23130
23138
23157
23172
23186
23242
23273
23308
23376
23380
23381
23383
23387
23389
23396
23403
23416
23421
23427
23431
23433
23435
23447
23448
23450
23453
23458
23462
23470
23472
23475
23477
23478
23481
23491
23492
23493
23500
23506
23507
23508
23519
23527
23529
23532
23553
23560
23563
23567
23569
23572
23608
23612
23616
23624
23631
23646
23660
23665
23673
23692
23696
23721
23736
23798
23828
23997
24030
24037
24039
24046
24052
24062
24067
24070
24086
24093
24107
24109
24115
24120
24133
24148
24178
24179
24180
24182
24187
24189
24196
24202
24210
24213
24215
24220
24230
24231
24235
24237
24245
24247
24266
24277
24282
24283
24291
24307
24324
24330
24335
24339
24341
24365
24373
24375
24377
24380
24392
24409
24418
24429
24444
24449
24453
24458
24459
24464
24472
24478
24488
24489
24492
24503
24515
24522
24525
24534
24537
24561
24565
24594
24605
24613
24615
24616
24623
24626
24643
24644
24651
24653
24658
24676
24677
24680
24681
24682
24687
24705
24716
24732
24749
24754
24756
24758
24773
24794
24796
24801
24814
24819
24821
24822
24833
24847
24859
24863
24904
24917
24920
24935
24942
24947
24951
24976
24986
25031
25033
25054
25064
25079
25096
25100
25101
25104
25105
25106
25110
25114
25115
25136
25143
25150
25151
25152
25163
25165
25170
25171
25172
25173
25179
25190
25191
25199
25202
25209
25213
25216
25223
25226
25253
25258
25259
25263
25269
25276
25281
25282
25285
25289
25291
25293
25300
25302
25305
25307
25323
25326
25327
25329
25331
25345
25351
25352
25361
25386
25389
25399
25400
25401
25409
25412
25417
25420
25424
25432
25444
25445
25458
25467
25469
25475
25489
25490
25499
25512
25543
25552
25554
25562
25566
25580
25586
25588
25601
25610
25612
25615
25619
25625
25658
25668
25683
25697
25703
25713
25715
25744
25745
25757
25759
25769
25776
25787
25797
25805
25818
25819
25826
25842
25860
25866
25873
25877
25900
25910
25925
25944
25955
25968
25970
25976
25991
26009
26012
26020
26023
26027
26029
26031
26032
26039
26041
26044
26071
26075
26085
26086
26092
26114
26118
26126
26127
26131
26132
26139
26143
26149
26157
26159
26178
26185
26216
26223
26228
26234
26244
26248
26283
26326
26336
26352
26354
26356
26359
26360
26366
26368
26371
26376
26377
26379
26381
26388
26391
26395
26397
26399
26408
26412
26417
26421
26422
26426
26436
26446
26447
26460
26463
26481
26486
26494
26495
26522
26524
26550
26551
26575
26579
26597
26611
26612
26681
26684
26690
26691
26692
26696
26700
26704
26707
26754
26757
26771
26775
26781
26791
26792
26797
26826
26829
26848
26862
26865
26873
26894
26943
26954
26963
26970
26989
26997
27001
27004
27060
27088
27091
27107
27134
27138
27147
27153
27155
27156
27169
27171
27192
27193
27211
27217
27224
27231
27255
27281
27292
27331
27351
27372
27396
27402
27425
27427
27450
27462
27463
27468
27472
27489
27491
27492
27493
27494
27506
27512
27513
27515
27544
27566
27573
27575
27599
27602
27611
27628
27683
27700
27703
27704
27712
27714
27732
27741
27743
27745
27755
27760
27770
27777
27785
27794
27796
27797
27801
27802
27803
27819
27827
27833
27849
27850
27861
27867
27872
27874
27875
27877
27905
27927
27931
27934
27937
27945
27946
27955
27966
27969
28001
28006
28010
28023
28024
28029
28037
28092
28100
28107
28110
28118
28122
28129
28132
28136
28138
28139
28140
28145
28150
28153
28155
28163
28165
28186
28196
28205
28216
28228
28246
28248
28261
28271
28287
28295
28299
28304
28330
28354
28359
28369
28381
28402
28418
28422
28426
28431
28436
28448
28450
28479
28500
28505
28525
28527
28548
28572
28609
28611
28629
28639
28644
28651
28654
28655
28681
28683
28701
28779
28784
28789
28798
28810
28845
28853
28858
28899
28946
28960
28961
28982
29031
29033
29111
29118
29138
29141
29157
29172
29174
29200
29227
29229
29233
29234
29238
29260
29273
29279
29281
29282
29289
29305
29356
29376
29433
29482
29483
29486
29508
29509
29572
29577
29579
29618
29645
29664
29677
29694
29748
29796
29898
29922
29942
29976
29983
29987
29992
30003
30033
30053
30055
30058
30070
30094
30095
30097
30106
30136
30165
30167
30283
30290
30333
30340
30344
30347
30382
30410
30414
30424
30427
30431
30435
30436
30439
30452
30456
30473
30475
30492
30519
30524
30585
30589
30673
30693
30695
30703
30740
30772
30862
30865
30887
30922
30923
30956
31001
31020
31036
31062
31069
31070
31072
31080
31103
31109
31117
31119
31168
31169
31177
31179
31206
31209
31227
31243
31278
31281
31293
31295
31353
31354
31378
31382
31383
31384
31419
31435
31452
31456
31461
31471
31481
31520
31526
31558
31561
31570
31571
31572
31584
31627
31637
31639
31649
31680
31686
31687
31725
31786
31806
31840
31875
31881
31911
31934
31946
31965
31967
31968
32004
32005
32006
32010
32013
32023
32043
32047
32048
32066
32067
32079
32080
32105
32113
32114
32118
32143
32147
32160
32177
32216
32225
32227
32244
32291
32305
32321
32346
32353
32403
32499
32597
32618
32645
32661
32675
32676
32680
32681
32694
32705
32722
32736
32761
32769
32771
32773
32786
32791
32832
32856
32880
32905
32925
32990
32993
32995
33021
33032
33033
33065
33073
33099
33108
33125
33144
33145
33151
33184
33256
33258
33268
33274
33285
33288
33292
33293
33337
33364
33370
33391
33394
33411
33415
33426
33433
33457
33465
33468
33492
33501
33510
33521
33540
33548
33574
33590
33593
33604
33606
33609
33617
33660
33674
33722
33725
33738
33775
33778
33802
33804
33825
33830
33836
33841
33853
33865
33873
33882
33883
33894
33900
33909
33945
33970
33993
33995
34000
34003
34030
34036
34067
34123
34137
34153
34157
34180
34253
34255
34269
34271
34276
34311
34349
34364
34382
34384
34394
34453
34542
34566
34573
34642
34675
34697
34847
34892
34905
34909
34915
34935
34942
34952
34957
34974
34985
35033
35036
35037
35039
35146
35158
35160
35164
35199
35201
35215
35241
35242
35264
35299
35336
35347
35351
35352
35355
35359
35363
35386
35388
35412
35422
35424
35433
35435
35443
35475
35488
35491
35500
35506
35519
35531
35542
35584
35613
35624
35641
35670
35686
35703
35731
35920
35946
35970
35980
35997
35998
36000
36001
36010
36012
36020
36023
36039
36045
36050
36060
36064
36068
36074
36118
36196
36226
36234
36259
36322
36330
36335
36360
36367
36430
36474
36487
36523
36554
36557
36562
36575
36629
36664
36686
36771
36776
36785
36786
36793
36813
36814
36833
36834
36845
36855
36859
36861
36864
36869
36880
36889
36890
36895
36896
36898
36899
36916
36920
36929
36932
36935
36939
36942
36947
36948
36960
36963
36980
36986
36988
36994
36996
37009
37027
37070
37096
37141
37165
37168
37193
37197
37218
37228
37239
37266
37276
37277
37295
37319
37324
37325
37327
37329
37336
37351
37365
37388
37400
37406
37437
37444
37457
37478
37504
37509
37610
37624
37633
37636
37666
37670
37675
37742
37758
37772
37782
37892
37904
37957
37972
38015
38263
38272
38281
38285
38291
38307
38312
38364
38376
38381
38382
38391
38401
38433
38450
38459
38464
38470
38480
38495
38498
38499
38500
38512
38515
38517
38525
38538
38541
38548
38568
38570
38577
38587
38592
38593
38596
38597
38598
38626
38627
38634
38642
38647
38662
38684
38686
38695
38698
38738
38742
38750
38754
38795
38797
38829
38876
38899
38902
38907
38914
38915
38918
38936
38957
38967
38973
38988
38994
38996
38997
39000
39003
39006
39015
39023
39080
39131
39135
39149
39178
39186
39192
39198
39208
39250
39318
39321
39340
39341
39376
39378
39405
39472
39479
39514
39522
39592
39608
39640
39711
39740
39745
39746
39748
39764
39770
39854
40169
40179
40219
40251
40265
40273
40310
40372
40441
40474
40510
40635
40643
40664
40670
40723
40778
40779
40786
64036
93
983074
983081
983111
983204
983378
983488
983503
983550
983599
983742
983751
983774
983905
983929
983969
984059
984154
984188
984194
984404
984449
984460
984578
984759
984809
984843
984847
984855
984873
984898
985018
985021
985071
985073
985091
985104
985137
985195
985234
985286
985310
985314
985316
985317
985318
985325
985326
986930
987250
987625
987819
987859
987860
